35,11
267,37
0,401
0,400
0,399
0,398
0,393
0,389
0,318
0,317
0,316
0,511
0,508
0,506
0,505
35,50
35,31
0,502
0,501
0,500
0,499
0,495
35,42
0,490
0,331
0,489
35,49
34,470
34,469
34,468
0,482
0,371
267,36
0,480
267,35
34,456
34,455
34,454
34,457
34,450
34,142
34,141
34,140
34,139
34,138
34,137
34,451
34,136
34,135
34,448
34,134
34,180
34,133
34,179
34,132
34,131
34,130
34,129
34,128
34,91
34,89
34,87
34,86
34,84
34,83
34,81
34,79
34,78
34,76
34,75
34,65
34,64
34,8
34,2
34,0
32,9
32,5
32,1
31,3
31,1
30,4
30,3
30,1
29,5
29,4
29,3
29,1
28,4
28,3
28,1
27,5
27,4
27,3
27,1
26,5
26,4
26,3
26,1
25,4
35,2768
35,20
25,3
25,1
35,46
35,26
35,2387
35,10
35,47
35,2519
14,9
36,19
14,6
36,7
14,5
11,2
11,3
11,1
36,53
10,3
10,2
12,2
12,1
10,1
9,3
9,2
36,6
36,10
36,49
12,3
35,22
9,1
8,3
8,2
36,5
35,33
20,2
36,50
36,51
20,1
43,13
8,1
43,11
3,3
3,2
43,3
36,1
36,567
43,10
3,1
20,3
43,9
35,44
36,568
19,2
35,5
19,1
43,8
35,52
43,7
35,1
43,6
43,5
36,3
35,2504
19,3
43,1
0,504
36,4
35,3
0,503
43,4
18,1
0,493
35,4
18,3
34,5
0,481
34,6
34,1
0,394
0,388
14,7
34,481
0,386
44,3
44,1
14,8
34,3
0,344
44,4
34,4
2,2
0,342
2,1
0,487
14,1
13,1
14,4
2,3
0,339
13,3
14,3
0,0
0,9
267,34
267,33
267,32
267,31
267,30
267,29
267,28
267,27
267,26
267,25
267,24
267,23
267,22
267,21
267,20
267,19
267,18
267,17
267,16
267,15
267,14
267,13
267,12
267,11
267,10
267,9
267,8
267,7
267,6
267,5
267,4
267,3
267,2
267,0
0,276
0,275
0,272
0,271
0,12
0,486
0,10
0,8
0,441
0,333
0,268
0,457
0,378
0,267
0,440
0,324
0,266
0,456
0,377
0,265
0,455
0,356
0,264
0,463
0,346
0,263
0,439
0,353
0,262
0,494
0,329
0,261
0,452
0,338
0,260
0,438
0,369
0,259
0,437
0,367
0,258
